acru <- list(
  hmax = 27.5,
  phih =263,
  eta = 0.64,
  swmax = 0.1,
  lamdas = 0.95,
  lamdah = 0.95,
  rho = 525000,
  f2 = 7000,
  f1 = 4,
  gammac = 131000,
  gammax = 0.12,
  cgl = 1.45,
  cgr = 1.25,
  cgw = 1.37,
  deltal = 0.095,
  deltar = 0.15,
  sl = 1,
  sla = 0.0141,
  sr = 1,
  so = 0.05,
  rr = 0.00015,
  rhor = 160000,
  rml = 1.25,
  rms = 0.025,
  rmr = 0.75,
  etaB = 0.045,
  K = 0.7,
  epsg = 6.75,
  M = 0.95,
  alpha = 0.365,
  R0 = 1.909,
  R40 = 5.592
)

pita <- list(
  hmax = 42,
  phih = 220,
  eta = 0.71,
  swmax = 0.06,
  lamdas = 0.95,
  lamdah = 0.95,
  rho = 380000,
  f2 = 2100,
  f1 = 4,
  gammac = 265000,
  gammax = 0.62,
  cgl = 1.51,
  cgr = 1.3,
  cgw = 1.47,
  deltal = 0.11,
  deltar = 0.08,
  sl = 0.33,
  sla = 0.006,
  sr = 0.5,
  so = 0.05,
  rr = 0.00027,
  rhor = 200000,
  rml = 0.95,
  rms = 0.025,
  rmr = 0.075,
  etaB = 0.045,
  K = 0.55,
  epsg = 4.5,
  M = 0.95,
  alpha = 0.308,
  R0 = 1.434,
  R40 = 3.873
)














